SUCCESS at #406 with error: 9.89610209e-08, max|res|: 2.15314366e-04
  i     j        flux     
    1     1  2.12145030e-01
    1     2  3.99073433e-01
    1     3  5.52201977e-01
    1     4  6.69945725e-01
    1     5  7.52688791e-01
    1     6  8.00909218e-01
    1     7  8.14376314e-01
    1     8  7.91769926e-01
    1     9  7.30495227e-01
    1    10  6.26607163e-01
    1    11  4.74811063e-01
    1    12  2.68525768e-01
    2     1  4.52017351e-01
    2     2  8.30752474e-01
    2     3  1.13448957e+00
    2     4  1.36506926e+00
    2     5  1.52513943e+00
    2     6  1.61646449e+00
    2     7  1.63896105e+00
    2     8  1.59015839e+00
    2     9  1.46491171e+00
    2    10  1.25528360e+00
    2    11  9.50558932e-01
    2    12  5.37381147e-01
    3     1  6.99515444e-01
    3     2  1.27033814e+00
    3     3  1.72052064e+00
    3     4  2.05810007e+00
    3     5  2.28971017e+00
    3     6  2.41938691e+00
    3     7  2.44773271e+00
    3     8  2.37138385e+00
    3     9  2.18270316e+00
    3    10  1.86965206e+00
    3    11  1.41583190e+00
    3    12  8.00704897e-01
    4     1  9.41972951e-01
    4     2  1.69766897e+00
    4     3  2.28567041e+00
    4     4  2.72169380e+00
    4     5  3.01763178e+00
    4     6  3.18067529e+00
    4     7  3.21265232e+00
    4     8  3.10957370e+00
    4     9  2.86134743e+00
    4    10  2.45164993e+00
    4    11  1.85798410e+00
    4    12  1.05198195e+00
    5     1  1.16883750e+00
    5     2  2.09385073e+00
    5     3  2.80499620e+00
    5     4  3.32681400e+00
    5     5  3.67747406e+00
    5     6  3.86806879e+00
    5     7  3.90212750e+00
    5     8  3.77527400e+00
    5     9  3.47497087e+00
    5    10  2.98035825e+00
    5    11  2.26227174e+00
    5    12  1.28358204e+00
    6     1  1.36933534e+00
    6     2  2.43873926e+00
    6     3  3.25098772e+00
    6     4  3.84068835e+00
    6     5  4.23321091e+00
    6     6  4.44416601e+00
    6     7  4.47916846e+00
    6     8  4.33365909e+00
    6     9  3.99266776e+00
    6    10  3.43053366e+00
    6    11  2.61074032e+00
    6    12  1.48615264e+00
    7     1  1.53094048e+00
    7     2  2.70869792e+00
    7     3  3.59113723e+00
    7     4  4.22441271e+00
    7     5  4.64191535e+00
    7     6  4.86419545e+00
    7     7  4.89919790e+00
    7     8  4.74236353e+00
    7     9  4.37639211e+00
    7    10  3.77068317e+00
    7    11  2.88069898e+00
    7    12  1.64775778e+00
    8     1  1.63781112e+00
    8     2  2.87407825e+00
    8     3  3.78508027e+00
    8     4  4.43011701e+00
    8     5  4.85107332e+00
    8     6  5.07344695e+00
    8     7  5.10750565e+00
    8     8  4.94887325e+00
    8     9  4.57827388e+00
    8    10  3.96044231e+00
    8    11  3.04249926e+00
    8    12  1.75255565e+00
    9     1  1.66856698e+00
    9     2  2.89577841e+00
    9     3  3.78090751e+00
    9     4  4.39753726e+00
    9     5  4.79551418e+00
    9     6  5.00442814e+00
    9     7  5.03640517e+00
    9     8  4.88745610e+00
    9     9  4.53719089e+00
    9    10  3.94688703e+00
    9    11  3.05609354e+00
    9    12  1.77857598e+00
   10     1  1.59237768e+00
   10     2  2.71986648e+00
   10     3  3.51009761e+00
   10     4  4.04985428e+00
   10     5  4.39405467e+00
   10     6  4.57393818e+00
   10     7  4.60228398e+00
   10     8  4.47572834e+00
   10     9  4.17445737e+00
   10    10  3.65922902e+00
   10    11  2.86536025e+00
   10    12  1.69356713e+00
   11     1  1.36086890e+00
   11     2  2.26842997e+00
   11     3  2.88041478e+00
   11     4  3.28885080e+00
   11     5  3.54619159e+00
   11     6  3.68047719e+00
   11     7  3.70297375e+00
   11     8  3.61121055e+00
   11     9  3.38869325e+00
   11    10  3.00120881e+00
   11    11  2.38823643e+00
   11    12  1.44623270e+00
   12     1  8.88713895e-01
   12     2  1.42343899e+00
   12     3  1.76647541e+00
   12     4  1.99005371e+00
   12     5  2.12962323e+00
   12     6  2.20271681e+00
   12     7  2.21618391e+00
   12     8  2.16870436e+00
   12     9  2.05060321e+00
   12    10  1.84088060e+00
   12    11  1.49917662e+00
   12    12  9.45094634e-01
